000000000000000001110000000000000000000000000000000000000000000000000000000000000
001111100000011111111111000000111111100001111111000011111110000100010000001000100
011111110000111111111111100001111111100011111111000111111110001100011000011000110
111000111001110001110001110011100011100111000111001110001110011100011100111000111
111000111001110001110001110011100011100111000111001110001110011100011100111000111
111000111001110001110001110011100011100111000111001110001100011100011100111000111
111000111001110001110001110011100011100111000111001110001000011100011100111000111
111000111001110001110001110011100011100111000111001110000000011100011100111000111
111000111001110001110001110111111111101111111110001110000000111111111110111111111
111000111001110001110001110111111111101111111100001110000001111111111100111111111
111000111001110001110001110011100011100111000000001110000000011100011100000000111
111000111001110001110001110011100011101111111111001110001000011100011100011000111
111000111001110001110001110011100011101111111111001110001100011100011100111000111
111000111001110001110001110011100011100111000111001110001110011100011100111000111
111000111001110001110001110011100011100111000111001110001110011100011100111000111
011111110000110001110001100011100011000111000111001111111100011100011000011111110
001111100000010001110001000011100010000111000111001111111000011100010000001111100
000000000000000000000000000000000000000111000110000000000000000000000000000000000
000000000000000000000000000000000000000111000100000000000000000000000000000000000
